[ oc = 0 ]
000000000    000000000    000000000    000000000    000000000    000000000    000000000    000000000    000000000    000000000    000000000    000000000    000000000    000000000    000000000    000000000    000000000    000000000    000000000    000000000    000000000    000000000    000000000    000000000    000000000    000000000    
000000000    000000000    000000000    000000000    000000000    000000000    000000000    000000000    000000000    000000000    000000000    000000000    000000000    000000000    000000000    000000000    000000000    000000000    000000000    000000000    000000000    000000000    000000000    000000000    000000000    000000000    
000000000    000000000    000000000    000000000    000000000    000000000    000000000    000000000    000000000    000000000    000000000    000000000    000000000    000000000    000000000    000000000    000000000    000000000    000000000    000000000    000000000    000000000    000000000    000000000    000000000    000000000    
000000000    000000000    000000000    000000000    000000000    000000000    000000000    000000000    000000000    000000000    000000000    000000000    000000000    000000000    000000000    000000000    000000000    000000000    000000000    000000000    000000000    000000000    000000000    000000000    000000000    000000000    
000000000    000000000    000000000    000000000    000000000    000000000    000000000    000000000    000000000    000000000    000000000    000000000    000000000    000000000    000000000    000000000    000000000    000000000    000000000    000000000    000000000    000000000    000000000    000000000    000000000    000000000    
000000000    000000000    000000000    000000000    000000000    000000000    000000000    000000000    000000000    000000000    000000000    000000000    000000000    000000000    000000000    010000000    001000000    101000000    101000000    110000000    100000000    000000000    000000000    000000000    000000000    000000000    
000000000    000000000    000000000    000000000    000000000    000000000    000000000    000000000    000000000    000000000    000000000    000000000    010000000    001000000    101000000    000100000    100100000    100100000    100100000    011000000    110000000    100000000    000000000    000000000    000000000    000000000    
000000000    000000000    000000000    000000000    000000000    000000000    000000000    010000000    001000000    101000000    101000000    101000000    000100000    100100000    100100000    010100000    001100000    101100000    101100000    001100000    101000000    100000000    000000000    000000000    000000000    000000000    
000000000    000000000    000000000    000000000    000000000    000000000    010000000    111000000    100100000    100100000    100100000    100100000    000100000    000100000    000100000    000100000    010100000    001100000    101100000    101100000    111000000    010000000    000000000    000000000    000000000    000000000    
000000000    000000000    000000000    000000000    000000000    010000000    111000000    010100000    001100000    101100000    110100000    100100000    101000000    001000000    001000000    011000000    110100000    101100000    101100000    110100000    101000000    100000000    000000000    000000000    000000000    000000000    
000000000    000000000    000000000    000000000    000000000    101000000    100100000    001100000    101100000    110100000    011000000    001000000    110000000    100000000    000000000    101000000    100100000    001100000    101100000    000100000    001000000    100000000    000000000    000000000    000000000    000000000    
000000000    000000000    000000000    000000000    010000000    000100000    001100000    101100000    110100000    011000000    110000000    100000000    000000000    000000000    000000000    011000000    110100000    101100000    110100000    101000000    100000000    000000000    000000000    000000000    000000000    000000000    
000000000    000000000    000000000    000000000    110000000    111000000    110100000    110100000    011000000    110000000    100000000    000000000    000000000    000000000    010000000    000100000    001100000    110100000    011000000    110000000    100000000    000000000    000000000    000000000    000000000    000000000    
000000000    000000000    000000000    000000000    100000000    011000000    000100000    101000000    110000000    100000000    000000000    000000000    000000000    010000000    111000000    010100000    010100000    011000000    110000000    100000000    000000000    000000000    000000000    000000000    000000000    000000000    
000000000    000000000    000000000    000000000    000000000    100000000    110000000    110000000    100000000    000000000    000000000    000000000    010000000    111000000    010100000    010100000    011000000    110000000    100000000    000000000    000000000    000000000    000000000    000000000    000000000    000000000    
000000000    000000000    000000000    000000000    000000000    000000000    000000000    000000000    000000000    000000000    000000000    010000000    111000000    010100000    001100000    000100000    001000000    100000000    000000000    000000000    000000000    000000000    000000000    000000000    000000000    000000000    
000000000    000000000    000000000    000000000    000000000    000000000    000000000    000000000    000000000    000000000    000000000    101000000    100100000    001100000    110100000    101000000    100000000    000000000    000000000    000000000    000000000    000000000    000000000    000000000    000000000    000000000    
000000000    000000000    000000000    000000000    000000000    000000000    000000000    000000000    000000000    000000000    000000000    011000000    110100000    101100000    000100000    001000000    100000000    000000000    000000000    000000000    000000000    000000000    000000000    000000000    000000000    000000000    
000000000    000000000    000000000    000000000    000000000    000000000    000000000    000000000    000000000    010000000    001000000    100100000    010100000    100100000    001000000    100000000    000000000    000000000    000000000    000000000    000000000    000000000    000000000    000000000    000000000    000000000    
000000000    000000000    000000000    000000000    000000000    000000000    000000000    000000000    000000000    101000000    000100000    010100000    111000000    101000000    110000000    100000000    000000000    000000000    000000000    000000000    000000000    000000000    000000000    000000000    000000000    000000000    
000000000    000000000    000000000    000000000    000000000    000000000    000000000    000000000    010000000    000100000    001100000    110100000    101000000    100000000    000000000    000000000    000000000    000000000    000000000    000000000    000000000    000000000    000000000    000000000    000000000    000000000    
000000000    000000000    000000000    000000000    000000000    000000000    000000000    010000000    111000000    010100000    010100000    011000000    110000000    100000000    000000000    000000000    000000000    000000000    000000000    000000000    000000000    000000000    000000000    000000000    000000000    000000000    
000000000    000000000    000000000    000000000    000000000    000000000    000000000    101000000    100100000    001100000    000100000    001000000    100000000    000000000    000000000    000000000    000000000    000000000    000000000    000000000    000000000    000000000    000000000    000000000    000000000    000000000    
000000000    000000000    000000000    000000000    000000000    000000000    010000000    000100000    001100000    110100000    101000000    100000000    000000000    000000000    000000000    000000000    000000000    000000000    000000000    000000000    000000000    000000000    000000000    000000000    000000000    000000000    
000000000    000000000    000000000    000000000    000000000    000000000    110000000    111000000    100100000    011000000    110000000    100000000    000000000    000000000    000000000    000000000    000000000    000000000    000000000    000000000    000000000    000000000    000000000    000000000    000000000    000000000    
000000000    000000000    000000000    000000000    000000000    000000000    100000000    011000000    101000000    110000000    100000000    000000000    000000000    000000000    000000000    000000000    000000000    000000000    000000000    000000000    000000000    000000000    000000000    000000000    000000000    000000000    
