[ oc = 0 ]
110000000    110000000    110000000    110000000    110000000    100100000    011010000    011110000    101010000    010100000    001000000    
110000000    100100000    011010000    011110000    101101000    010111000    000010100    100001100    011100100    011001000    010100000    
100100000    111001000    100100100    110110100    110110100    001110100    111011100    000010010    111000010    101100100    011010000    
101110000    000100100    110011100    011111100    001101100    010001100    010000010    010001010    000110010    111110100    111110000    
000001000    100010100    111011100    000111100    111110100    001110100    001011100    111000010    101111100    011100100    010110000    
101100000    111101000    001010100    000110100    011010100    001110100    111001100    100101100    111010100    000011000    101100000    
001000000    111100000    101001000    110111000    110010100    001101100    100101100    101010100    000011000    010010000    101000000    
110000000    001000000    111010000    000111000    111010100    001101100    011001100    101111000    010010000    101000000    110000000    
110000000    100100000    010101000    100010100    010001100    011110100    100100100    010001000    101000000    110000000    110000000    
110000000    101110000    101000100    001001100    111001100    101100100    011001000    110100000    110000000    110000000    110000000    
110000000    000001000    010100100    110001100    110110100    101011000    111100000    110000000    110000000    110000000    110000000    
[ oc = 1 ]
000000000    000000000    000000000    000000000    000000000    000000000    001000000    011100000    001010000    001100000    010000000    
000000000    000000000    001000000    011100000    001010000    011110000    111101000    100000100    100100100    000011000    001100000    
000000000    011000000    100001000    100000100    101100100    000010100    100001100    100111100    100111100    011100100    000110000    
010000000    010001000    101110100    100000010    010111100    011001100    101101100    100010010    110010010    001010100    011010000    
001100000    110000100    100100010    001100010    101110100    011111000    100001100    110010010    001000010    011111000    010100000    
111010000    101000100    011001100    100010100    000101000    010111000    011011100    010100010    101010100    000110000    010000000    
111100000    100101000    110101000    000110000    010001000    010001100    011100010    100001100    011110000    001000000    000000000    
010000000    000100000    000100000    011010000    111100100    101000010    100011100    011101000    001000000    000000000    000000000    
000000000    000000000    100100000    000111000    010111100    011111100    011111000    010100000    000000000    000000000    000000000    
000000000    010000000    000101000    010101100    100000010    000010100    001010000    000000000    000000000    000000000    000000000    
000000000    001100000    010000100    001111100    110001100    010001000    010000000    000000000    000000000    000000000    000000000    
