[ oc = 0 ]
111100000    111100000    111100000    111100000    100101100    100101100    111000100    110010010    001000001    101101010    100010100    
111100000    011010010    100101100    101111010    010000110    000000011    101000001    110110110    011001101    010110101    110000110    
101001010    001111001    000100011    001001000    010101000    100110010    100111111    011001011    101010011    101111011    101100001    
111111110    110110101    111000100    000100110    100000001    010111101    011111001    110000100    100000011    101010101    100010110    
010100101    101111000    010001001    011011001    100000101    011101001    001001101    110001010    001101000    000111001    110011010    
010010110    100000000    100110001    110110010    000010010    000101111    111100010    110110010    100110000    111111010    101100010    
110011000    000101110    101110100    011110100    001010000    011110111    010010111    001101111    101100011    111011100    111110100    
111100000    111101000    110100011    110101111    010010000    100101011    101010000    001111111    101110001    111100000    111100000    
111100000    101101000    101110110    011001011    111100110    111010100    010010100    110100111    100111010    111100000    111100000    
111100000    001001110    010110001    111111111    010101000    001011111    100100111    101110001    110011100    111100000    111100000    
111100000    010001010    101000101    010010111    100001000    000010111    101010101    110011100    111100000    111100000    111100000    
[ oc = 1 ]
000000000    000000000    000000000    000000000    010010000    010000100    000010100    001101000    100011100    011111010    011101100    
000000000    110110000    010110100    010011100    111011100    111001110    001011110    001000110    110000110    000111001    011111010    
011110000    100101010    000111001    111100101    101100111    100010100    111011011    101111101    111111011    010001011    000001010    
000010100    111111101    000101111    110101111    011101010    000110001    100100010    100100111    111000111    000111001    011101100    
100001110    001110000    100001010    010111110    001010011    011101110    100101000    100111100    110111000    001111110    011101100    
100110110    100111011    001110100    111001110    111010010    110101111    111101000    010001000    100001011    001101010    000010100    
111010110    100110011    000101111    110011100    010111111    110101110    000001111    011100100    000001101    000001100    000000000    
001011000    100011100    101100001    001010011    000111101    101110001    010000100    001110000    011010010    000000000    000000000    
000000000    011000000    000101110    110000111    000011011    010011000    110001010    011110101    001001100    000000000    000000000    
000000000    100011000    110011101    011101111    100011011    110101000    011101111    001110110    000000000    000000000    000000000    
000000000    100001100    100001001    100001011    010010000    011000100    011100001    000000000    000000000    000000000    000000000    
