[ oc = 0 ]
000000000    000000000    000000000    000000000    000000000    000000000    000000000    000000000    000000000    000000000    000000000    000000000    000000000    000000000    000000000    000000000    000000000    000000000    000000000    000000000    000000000    000000000    000000000    000000000    000000000    000000000    
000000000    000000000    000000000    000000000    000000000    000000000    000000000    000000000    000000000    000000000    000000000    000000000    000000000    000000000    000000000    000000000    000000000    000000000    000000000    000000000    000000000    000000000    000000000    000000000    000000000    000000000    
000000000    000000000    000000000    000000000    000000000    000000000    000000000    000000000    000000000    000000000    000000000    000000000    000000000    000000000    000000000    000000000    000000000    000000000    000000000    000000000    000000000    000000000    000000000    000000000    000000000    000000000    
000000000    000000000    000000000    000000000    000000000    000000000    000000000    000000000    000000000    000000000    000000000    000000000    000000000    000000000    000000000    000000000    000000000    000000000    000000000    000000000    000000000    000000000    000000000    000000000    000000000    000000000    
000000000    000000000    000000000    000000000    000000000    000000000    000000000    000000000    000000000    000000000    000000000    000000000    000000000    000000000    000000000    000000000    000000000    000000000    000000000    000000000    000000000    000000000    000000000    000000000    000000000    000000000    
000000000    000000000    000000000    000000000    000000000    000000000    000000000    000000000    000000000    000000000    000000000    000000000    000000000    011000100    110010010    010001110    101011001    100000011    000010011    000111110    110110100    000000000    000000000    000000000    000000000    000000000    
000000000    000000000    000000000    000000000    000000000    000000000    000000000    000000000    000000000    000000000    000101000    000101100    010000110    111010011    101100000    101110100    111011010    000010110    010011010    100010111    000111110    110110100    000000000    000000000    000000000    000000000    
000000000    000000000    000000000    000000000    000000000    000000000    010100000    100111100    010000001    011110101    010011011    100111111    100010100    110000110    101101001    001111101    110010111    001001000    110111000    110001011    001010011    110110100    000000000    000000000    000000000    000000000    
000000000    000000000    000000000    000000000    000000000    000101000    101111010    110101111    000010010    000101010    111100110    111110001    011101110    001000010    011110010    000101110    111110101    001001111    100111000    101011111    000101000    000101010    000000000    000000000    000000000    000000000    
000000000    000000000    000000000    000000000    000000000    010101010    001101111    000111110    100101011    101111111    011011011    110100101    001001000    110010011    011011101    010000000    111000101    110010000    110011000    101110101    010001011    010001100    000000000    000000000    000000000    000000000    
000000000    000000000    000000000    000000000    000101000    101011101    010001110    110110111    101001000    010101011    110010010    111010111    000111001    111000010    011001000    010001001    011110010    111111011    101010111    000011100    010101001    101100100    000000000    000000000    000000000    000000000    
000000000    000000000    000000000    000000000    010101010    111011000    101100011    110000000    111100011    000110100    000001101    001111010    011100100    111110000    101111000    011010011    001101001    011101111    000111001    001101011    110000010    111000000    000000000    000000000    000000000    000000000    
000000000    000000000    000000000    000000000    111101110    110100100    111110101    111011001    011011000    010011001    111111100    101010000    000000000    101010100    110011001    110010010    111111101    110111001    111110000    001001110    000111000    000000000    000000000    000000000    000000000    000000000    
000000000    000000000    000000000    000000000    101100010    110101011    001111000    101001011    010100001    101111100    001110000    000000000    010011000    001111001    001100010    111001101    011101101    011100100    001011001    101111100    001110000    000000000    000000000    000000000    000000000    000000000    
000000000    000000000    000000000    000000000    011110000    001000010    101011110    011110110    100110100    111000000    000000000    000000000    100001110    111110100    011111101    101011011    101011010    111000101    000001100    111000000    000000000    000000000    000000000    000000000    000000000    000000000    
000000000    000000000    000000000    000000000    000000000    000000000    000000000    000000000    000000000    000000000    000000000    000010100    101101111    101011001    100000000    011111001    011110111    111111010    010101000    000000000    000000000    000000000    000000000    000000000    000000000    000000000    
000000000    000000000    000000000    000000000    000000000    000000000    000000000    000000000    000000000    000000000    000000000    011001110    010011100    010000111    101101111    101010100    101001110    010101000    000000000    000000000    000000000    000000000    000000000    000000000    000000000    000000000    
000000000    000000000    000000000    000000000    000000000    000000000    000000000    000000000    000000000    010100000    111000100    001011011    111011001    001001111    101111110    000110011    000100010    011100000    000000000    000000000    000000000    000000000    000000000    000000000    000000000    000000000    
000000000    000000000    000000000    000000000    000000000    000000000    000000000    000000000    010100000    011111100    010101101    010000110    001010101    111001110    001101011    011011010    010101000    000000000    000000000    000000000    000000000    000000000    000000000    000000000    000000000    000000000    
000000000    000000000    000000000    000000000    000000000    000000000    000000000    000000000    110001000    101100101    001100010    101001101    101010110    010010111    111001110    010010100    111000000    000000000    000000000    000000000    000000000    000000000    000000000    000000000    000000000    000000000    
000000000    000000000    000000000    000000000    000000000    000000000    000000000    001010000    001010010    010111000    110101101    011101101    110011111    111111010    010101000    000000000    000000000    000000000    000000000    000000000    000000000    000000000    000000000    000000000    000000000    000000000    
000000000    000000000    000000000    000000000    000000000    000000000    000000000    010000010    100001011    100000001    001011101    101011100    100111001    110110100    000000000    000000000    000000000    000000000    000000000    000000000    000000000    000000000    000000000    000000000    000000000    000000000    
000000000    000000000    000000000    000000000    000000000    000000000    011110000    100011001    101000010    001100101    011000110    001000011    100000010    011100000    000000000    000000000    000000000    000000000    000000000    000000000    000000000    000000000    000000000    000000000    000000000    000000000    
000000000    000000000    000000000    000000000    000000000    000000000    101111100    011110111    100100101    010011001    101111111    100100110    010101000    000000000    000000000    000000000    000000000    000000000    000000000    000000000    000000000    000000000    000000000    000000000    000000000    000000000    
000000000    000000000    000000000    000000000    000000000    000000000    010011010    100011000    001011110    011011000    011100001    111010100    011100000    000000000    000000000    000000000    000000000    000000000    000000000    000000000    000000000    000000000    000000000    000000000    000000000    000000000    
000000000    000000000    000000000    000000000    000000000    000000000    001101100    111101011    000010111    010101001    110011100    011100000    000000000    000000000    000000000    000000000    000000000    000000000    000000000    000000000    000000000    000000000    000000000    000000000    000000000    000000000    