[ oc = 0 ]
000000000    000000000    000000000    000000000    000000000    000000000    000000000    000000000    000000000    000000000    000000000    000000000    000000000    000000000    000000000    000000000    000000000    000000000    000000000    000000000    000000000    000000000    000000000    000000000    000000000    000000000    
000000000    000000000    000000000    000000000    000000000    000000000    000000000    000000000    000000000    000000000    000000000    000000000    000000000    000000000    000000000    000000000    000000000    000000000    000000000    000000000    000000000    000000000    000000000    000000000    000000000    000000000    
000000000    000000000    000000000    000000000    000000000    000000000    000000000    000000000    000000000    000000000    000000000    000000000    000000000    000000000    000000000    000000000    000000000    000000000    000000000    000000000    000000000    000000000    000000000    000000000    000000000    000000000    
000000000    000000000    000000000    000000000    000000000    000000000    000000000    000000000    000000000    000000000    000000000    000000000    000000000    000000000    000000000    000000000    000000000    000000000    000000000    000000000    000000000    000000000    000000000    000000000    000000000    000000000    
000000000    000000000    000000000    000000000    000000000    000000000    000000000    000000000    000000000    000000000    000000000    000000000    000000000    000000000    000000000    000000000    000000000    000000000    000000000    000000000    000000000    000000000    000000000    000000000    000000000    000000000    
000000000    000000000    000000000    000000000    000000000    000000000    000000000    000000000    000000000    000000000    000000000    000000000    000000000    000000000    000000000    100000000    010000000    010000000    010000000    100000000    000000000    000000000    000000000    000000000    000000000    000000000    
000000000    000000000    000000000    000000000    000000000    000000000    000000000    000000000    000000000    000000000    000000000    000000000    100000000    010000000    010000000    110000000    110000000    110000000    110000000    010000000    100000000    000000000    000000000    000000000    000000000    000000000    
000000000    000000000    000000000    000000000    000000000    000000000    000000000    100000000    010000000    010000000    010000000    010000000    110000000    110000000    110000000    110000000    001000000    001000000    001000000    001000000    100000000    000000000    000000000    000000000    000000000    000000000    
000000000    000000000    000000000    000000000    000000000    000000000    100000000    110000000    110000000    110000000    110000000    110000000    010000000    010000000    010000000    010000000    110000000    001000000    001000000    001000000    010000000    000000000    000000000    000000000    000000000    000000000    
000000000    000000000    000000000    000000000    000000000    100000000    110000000    110000000    001000000    001000000    110000000    010000000    100000000    100000000    100000000    010000000    001000000    001000000    001000000    110000000    100000000    000000000    000000000    000000000    000000000    000000000    
000000000    000000000    000000000    000000000    000000000    010000000    110000000    001000000    001000000    110000000    100000000    100000000    100000000    000000000    000000000    010000000    110000000    001000000    001000000    010000000    100000000    000000000    000000000    000000000    000000000    000000000    
000000000    000000000    000000000    000000000    100000000    110000000    001000000    001000000    110000000    100000000    100000000    000000000    000000000    000000000    000000000    010000000    001000000    001000000    110000000    100000000    000000000    000000000    000000000    000000000    000000000    000000000    
000000000    000000000    000000000    000000000    100000000    010000000    001000000    110000000    100000000    100000000    000000000    000000000    000000000    000000000    100000000    110000000    001000000    110000000    100000000    100000000    000000000    000000000    000000000    000000000    000000000    000000000    
000000000    000000000    000000000    000000000    000000000    010000000    010000000    100000000    100000000    000000000    000000000    000000000    000000000    100000000    110000000    110000000    110000000    100000000    100000000    000000000    000000000    000000000    000000000    000000000    000000000    000000000    
000000000    000000000    000000000    000000000    000000000    000000000    100000000    100000000    000000000    000000000    000000000    000000000    100000000    110000000    110000000    110000000    100000000    100000000    000000000    000000000    000000000    000000000    000000000    000000000    000000000    000000000    
000000000    000000000    000000000    000000000    000000000    000000000    000000000    000000000    000000000    000000000    000000000    100000000    110000000    110000000    001000000    010000000    100000000    000000000    000000000    000000000    000000000    000000000    000000000    000000000    000000000    000000000    
000000000    000000000    000000000    000000000    000000000    000000000    000000000    000000000    000000000    000000000    000000000    010000000    110000000    001000000    110000000    100000000    000000000    000000000    000000000    000000000    000000000    000000000    000000000    000000000    000000000    000000000    
000000000    000000000    000000000    000000000    000000000    000000000    000000000    000000000    000000000    000000000    000000000    010000000    001000000    001000000    010000000    100000000    000000000    000000000    000000000    000000000    000000000    000000000    000000000    000000000    000000000    000000000    
000000000    000000000    000000000    000000000    000000000    000000000    000000000    000000000    000000000    100000000    010000000    110000000    110000000    010000000    100000000    000000000    000000000    000000000    000000000    000000000    000000000    000000000    000000000    000000000    000000000    000000000    
000000000    000000000    000000000    000000000    000000000    000000000    000000000    000000000    000000000    010000000    110000000    110000000    010000000    100000000    100000000    000000000    000000000    000000000    000000000    000000000    000000000    000000000    000000000    000000000    000000000    000000000    
000000000    000000000    000000000    000000000    000000000    000000000    000000000    000000000    100000000    110000000    001000000    110000000    100000000    000000000    000000000    000000000    000000000    000000000    000000000    000000000    000000000    000000000    000000000    000000000    000000000    000000000    
000000000    000000000    000000000    000000000    000000000    000000000    000000000    100000000    110000000    110000000    110000000    100000000    100000000    000000000    000000000    000000000    000000000    000000000    000000000    000000000    000000000    000000000    000000000    000000000    000000000    000000000    
000000000    000000000    000000000    000000000    000000000    000000000    000000000    010000000    110000000    001000000    010000000    100000000    000000000    000000000    000000000    000000000    000000000    000000000    000000000    000000000    000000000    000000000    000000000    000000000    000000000    000000000    
000000000    000000000    000000000    000000000    000000000    000000000    100000000    110000000    001000000    110000000    100000000    000000000    000000000    000000000    000000000    000000000    000000000    000000000    000000000    000000000    000000000    000000000    000000000    000000000    000000000    000000000    
000000000    000000000    000000000    000000000    000000000    000000000    100000000    010000000    110000000    100000000    100000000    000000000    000000000    000000000    000000000    000000000    000000000    000000000    000000000    000000000    000000000    000000000    000000000    000000000    000000000    000000000    
000000000    000000000    000000000    000000000    000000000    000000000    000000000    010000000    100000000    100000000    000000000    000000000    000000000    000000000    000000000    000000000    000000000    000000000    000000000    000000000    000000000    000000000    000000000    000000000    000000000    000000000    
