[ oc = 0 ]
100000000    100000000    100000000    100000000    100000000    010000000    001000000    101000000    110000000    100000000    100000000    
100000000    010000000    001000000    101000000    011000000    000100000    110100000    011100000    010100000    001000000    100000000    
010000000    011000000    110100000    101100000    101100000    101100000    010010000    111010000    001010000    010100000    010000000    
101000000    001100000    010010000    110010000    000010000    000010000    101010000    010110000    000110000    101100000    001000000    
011000000    111100000    101010000    010010000    111100000    011100000    110010000    011010000    110010000    001100000    001000000    
110000000    110100000    000010000    111100000    001100000    011100000    100010000    000010000    011100000    111000000    010000000    
100000000    001000000    000100000    010100000    001100000    100010000    000010000    101100000    111000000    010000000    100000000    
100000000    100000000    001000000    100100000    011100000    010010000    000010000    100100000    010000000    100000000    100000000    
100000000    010000000    111000000    101100000    000010000    111100000    001100000    101000000    100000000    100000000    100000000    
100000000    101000000    001100000    100010000    000010000    001100000    011000000    010000000    100000000    100000000    100000000    
100000000    011000000    011100000    010010000    111100000    000100000    010000000    100000000    100000000    100000000    100000000    
[ oc = 1 ]
000000000    000000000    000000000    000000000    000000000    000000000    100000000    110000000    001000000    010000000    000000000    
000000000    000000000    100000000    110000000    001000000    101000000    111000000    010100000    001100000    111000000    100000000    
000000000    100000000    101000000    010100000    110100000    110100000    101100000    100010000    010010000    110100000    110000000    
000000000    101000000    011100000    110010000    100010000    101100000    011100000    001010000    101010000    001100000    110000000    
100000000    100100000    001010000    001010000    110100000    111000000    101100000    101010000    110010000    000100000    100000000    
110000000    100100000    111100000    110100000    001000000    000100000    100010000    001010000    110100000    010000000    000000000    
010000000    011000000    011000000    010000000    001000000    011100000    101010000    101100000    010000000    000000000    000000000    
000000000    100000000    100000000    110000000    110100000    110010000    000010000    101000000    000000000    000000000    000000000    
000000000    000000000    100000000    000100000    010010000    010010000    000100000    100000000    000000000    000000000    000000000    
000000000    000000000    011000000    000010000    110010000    110100000    010000000    000000000    000000000    000000000    000000000    
000000000    100000000    100100000    110010000    111100000    001000000    000000000    000000000    000000000    000000000    000000000    
